<html>
<head><meta charset="utf-8" /></head>
<body>
    <div>                        <script type="text/javascript">window.PlotlyConfig = {MathJaxConfig: 'local'};</script>
        <script charset="utf-8" src="https://cdn.plot.ly/plotly-2.25.2.min.js"></script>                <div id="f49a7732-ce43-4289-8578-94126422e35c" class="plotly-graph-div" style="height:100%; width:100%;"></div>            <script type="text/javascript">                                    window.PLOTLYENV=window.PLOTLYENV || {};                                    if (document.getElementById("f49a7732-ce43-4289-8578-94126422e35c")) {                    Plotly.newPlot(                        "f49a7732-ce43-4289-8578-94126422e35c",                        [{"name":"3","x":["fixed acidity","volatile acidity","citric acid","residual sugar","chlorides","free sulfur dioxide","total sulfur dioxide","density","pH","sulphates","alcohol","Id"],"y":["fixed acidity","volatile acidity","citric acid","residual sugar","chlorides","free sulfur dioxide","total sulfur dioxide","density","pH","sulphates","alcohol","Id"],"z":[[1.0,-0.42857142857142855,0.6377481392176932,0.33394720739540396,0.14285714285714285,0.17393131069573453,0.37142857142857144,0.6,-0.7714285714285715,0.028988551782622423,-0.5428571428571428,-1.0],[-0.42857142857142855,1.0,-0.8116794499134278,-0.15179418517972906,0.02857142857142857,-0.14494275891311212,-0.37142857142857144,-0.8285714285714286,0.5428571428571428,-0.753702346348183,0.7714285714285715,0.42857142857142855],[0.6377481392176932,-0.8116794499134278,1.0,0.492832882906958,-0.17393131069573453,0.23529411764705882,0.753702346348183,0.9856107606091623,-0.8696565534786727,0.4411764705882353,-0.8406680016960503,-0.6377481392176932],[0.33394720739540396,-0.15179418517972906,0.492832882906958,1.0,-0.030358837035945812,-0.3388226069985336,0.2732295333235123,0.5768179036829705,-0.39466488146729556,-0.4620308277252731,0.030358837035945812,-0.33394720739540396],[0.14285714285714285,0.02857142857142857,-0.17393131069573453,-0.030358837035945812,1.0,-0.8116794499134278,-0.6,-0.08571428571428572,-0.08571428571428572,0.0,0.08571428571428572,-0.14285714285714285],[0.17393131069573453,-0.14494275891311212,0.23529411764705882,-0.3388226069985336,-0.8116794499134278,1.0,0.6377481392176932,0.08696565534786727,-0.14494275891311212,0.27941176470588236,-0.4058397249567139,-0.17393131069573453],[0.37142857142857144,-0.37142857142857144,0.753702346348183,0.2732295333235123,-0.6,0.6377481392176932,1.0,0.6571428571428571,-0.7142857142857143,0.2608969660436018,-0.7142857142857143,-0.37142857142857144],[0.6,-0.8285714285714286,0.9856107606091623,0.5768179036829705,-0.08571428571428572,0.08696565534786727,0.6571428571428571,1.0,-0.8285714285714286,0.4058397249567139,-0.7714285714285715,-0.6],[-0.7714285714285715,0.5428571428571428,-0.8696565534786727,-0.39466488146729556,-0.08571428571428572,-0.14494275891311212,-0.7142857142857143,-0.8285714285714286,1.0,-0.28988551782622424,0.8285714285714286,0.7714285714285715],[0.028988551782622423,-0.753702346348183,0.4411764705882353,-0.4620308277252731,0.0,0.27941176470588236,0.2608969660436018,0.4058397249567139,-0.28988551782622424,1.0,-0.753702346348183,-0.028988551782622423],[-0.5428571428571428,0.7714285714285715,-0.8406680016960503,0.030358837035945812,0.08571428571428572,-0.4058397249567139,-0.7142857142857143,-0.7714285714285715,0.8285714285714286,-0.753702346348183,1.0,0.5428571428571428],[-1.0,0.42857142857142855,-0.6377481392176932,-0.33394720739540396,-0.14285714285714285,-0.17393131069573453,-0.37142857142857144,-0.6,0.7714285714285715,-0.028988551782622423,0.5428571428571428,1.0]],"type":"heatmap","xaxis":"x","yaxis":"y"},{"name":"4","x":["fixed acidity","volatile acidity","citric acid","residual sugar","chlorides","free sulfur dioxide","total sulfur dioxide","density","pH","sulphates","alcohol","Id"],"y":["fixed acidity","volatile acidity","citric acid","residual sugar","chlorides","free sulfur dioxide","total sulfur dioxide","density","pH","sulphates","alcohol","Id"],"z":[[1.0,-0.24500213317403513,0.5087262357337472,0.18877931563112538,0.41654818335233984,-0.015091831894855072,0.12845188464420282,0.7896763009967334,-0.7698100819899917,0.10812620340819211,-0.4093198450354031,-0.24703136251151683],[-0.24500213317403513,1.0,-0.6197729376986432,-0.19411682321064233,-0.1667224103578597,-0.057482980405970406,-0.020406458253171545,-0.15267558741898285,0.3237163586359678,-0.3046169670966074,0.06968770783840544,0.040284163405829604],[0.5087262357337472,-0.6197729376986432,1.0,0.2463012916641208,0.2758081839438044,0.21531224836769608,0.33979305700607115,0.3183240700062881,-0.4760562933175224,0.206946338378696,-0.08719762495002718,-0.26890329203582297],[0.18877931563112538,-0.19411682321064233,0.2463012916641208,1.0,0.11216396628481101,0.046878939571777065,0.05550910390824624,0.28317629156210133,-0.0565105832998397,0.07270456228577933,0.36420901736040767,0.22004446601691857],[0.41654818335233984,-0.1667224103578597,0.2758081839438044,0.11216396628481101,1.0,0.22720469628542142,0.26867420335692793,0.5494229804315103,-0.2102709965853244,0.40906811726296677,-0.2532466011534921,-0.03678007510081716],[-0.015091831894855072,-0.057482980405970406,0.21531224836769608,0.046878939571777065,0.22720469628542142,1.0,0.7708120622953135,0.17189112212519342,0.07485346244978214,0.22426262155709079,-0.20225003880877596,-0.21663807659764542],[0.12845188464420282,-0.020406458253171545,0.33979305700607115,0.05550910390824624,0.26867420335692793,0.7708120622953135,1.0,0.2477624502936552,-0.08064920968573555,0.3264162006239176,-0.23403747083802992,-0.4284281894896561],[0.7896763009967334,-0.15267558741898285,0.3183240700062881,0.28317629156210133,0.5494229804315103,0.17189112212519342,0.2477624502936552,1.0,-0.5048511278397049,0.3173833204285677,-0.4625960077967527,-0.1538075867852354],[-0.7698100819899917,0.3237163586359678,-0.4760562933175224,-0.0565105832998397,-0.2102709965853244,0.07485346244978214,-0.08064920968573555,-0.5048511278397049,1.0,-0.14382530321846992,0.6171771540794082,0.3278990612526948],[0.10812620340819211,-0.3046169670966074,0.206946338378696,0.07270456228577933,0.40906811726296677,0.22426262155709079,0.3264162006239176,0.3173833204285677,-0.14382530321846992,1.0,-0.04768294455763572,0.06204533908528827],[-0.4093198450354031,0.06968770783840544,-0.08719762495002718,0.36420901736040767,-0.2532466011534921,-0.20225003880877596,-0.23403747083802992,-0.4625960077967527,0.6171771540794082,-0.04768294455763572,1.0,0.4310845922963395],[-0.24703136251151683,0.040284163405829604,-0.26890329203582297,0.22004446601691857,-0.03678007510081716,-0.21663807659764542,-0.4284281894896561,-0.1538075867852354,0.3278990612526948,0.06204533908528827,0.4310845922963395,1.0]],"type":"heatmap","xaxis":"x2","yaxis":"y2"},{"name":"5","x":["fixed acidity","volatile acidity","citric acid","residual sugar","chlorides","free sulfur dioxide","total sulfur dioxide","density","pH","sulphates","alcohol","Id"],"y":["fixed acidity","volatile acidity","citric acid","residual sugar","chlorides","free sulfur dioxide","total sulfur dioxide","density","pH","sulphates","alcohol","Id"],"z":[[1.0,-0.17616321892617937,0.5929341961151626,0.3020723434748191,0.2758020676263573,-0.05125550022141945,0.03636139298622969,0.6406120746463991,-0.6563312486968249,0.09236636799679893,-0.1334188378618809,-0.1638138837936165],[-0.17616321892617937,1.0,-0.5152080050749135,-0.0022177479250229592,0.08157232991892538,-0.04858361531909273,-0.007279064985621462,-0.13306260223156927,0.1611104369657236,-0.19142876797314798,0.03331046508063084,0.02260436174049602],[0.5929341961151626,-0.5152080050749135,1.0,0.22532269170577163,0.18804149996169697,0.08550132244063426,0.22717695957518547,0.44301413692028274,-0.46366995592522475,0.2884833381476286,-0.10275602320385932,-0.09351432326860912],[0.3020723434748191,-0.0022177479250229592,0.22532269170577163,1.0,0.13258870633565342,0.17585011780648968,0.22904458243889073,0.5726550357683996,-0.09408979483793785,0.05561061790932385,0.09454399629559358,-0.07268093987810942],[0.2758020676263573,0.08157232991892538,0.18804149996169697,0.13258870633565342,1.0,0.09992201155231233,0.1970650664140227,0.32047439461923855,-0.29342123489797245,0.1287938440385866,-0.22611616793044173,-0.09447805077604686],[-0.05125550022141945,-0.04858361531909273,0.08550132244063426,0.17585011780648968,0.09992201155231233,1.0,0.7925890374627186,0.05613686331242213,-0.017756519867162455,0.06429892330059558,-0.16003400103875656,0.08417133652804432],[0.03636139298622969,-0.007279064985621462,0.22717695957518547,0.22904458243889073,0.1970650664140227,0.7925890374627186,1.0,0.14211540479235296,-0.1218145074069433,0.09977300785369578,-0.23697571713170942,-0.11446912311936716],[0.6406120746463991,-0.13306260223156927,0.44301413692028274,0.5726550357683996,0.32047439461923855,0.05613686331242213,0.14211540479235296,1.0,-0.2222131532567494,0.2412529371309153,-0.28486867641818225,-0.25510416584649337],[-0.6563312486968249,0.1611104369657236,-0.46366995592522475,-0.09408979483793785,-0.29342123489797245,-0.017756519867162455,-0.1218145074069433,-0.2222131532567494,1.0,-0.00797819931024766,0.26772524313416096,0.04953161023206897],[0.09236636799679893,-0.19142876797314798,0.2884833381476286,0.05561061790932385,0.1287938440385866,0.06429892330059558,0.09977300785369578,0.2412529371309153,-0.00797819931024766,1.0,0.026707096054498725,-0.12055713239558424],[-0.1334188378618809,0.03331046508063084,-0.10275602320385932,0.09454399629559358,-0.22611616793044173,-0.16003400103875656,-0.23697571713170942,-0.28486867641818225,0.26772524313416096,0.026707096054498725,1.0,0.23085814920153108],[-0.1638138837936165,0.02260436174049602,-0.09351432326860912,-0.07268093987810942,-0.09447805077604686,0.08417133652804432,-0.11446912311936716,-0.25510416584649337,0.04953161023206897,-0.12055713239558424,0.23085814920153108,1.0]],"type":"heatmap","xaxis":"x3","yaxis":"y3"},{"name":"6","x":["fixed acidity","volatile acidity","citric acid","residual sugar","chlorides","free sulfur dioxide","total sulfur dioxide","density","pH","sulphates","alcohol","Id"],"y":["fixed acidity","volatile acidity","citric acid","residual sugar","chlorides","free sulfur dioxide","total sulfur dioxide","density","pH","sulphates","alcohol","Id"],"z":[[1.0,-0.2930894025183973,0.6495396003385755,0.16142272995408766,0.29215364973241764,-0.27447973866346687,-0.1262623829460994,0.6703023870806825,-0.7345734867797437,0.23265190929897345,-0.16764793542773154,-0.3888772126262007],[-0.2930894025183973,1.0,-0.6207567315258888,0.07051378365046339,0.09635813005983054,0.015339316144672691,0.04258288936434869,-0.052781082859656374,0.25383543868085334,-0.27155820295773203,-0.07802395129758317,0.0873150957787412],[0.6495396003385755,-0.6207567315258888,1.0,0.1406734169093703,0.15899267236293377,-0.17109528745327532,-0.059676488822189365,0.3865567949279795,-0.5597094116046989,0.28828283917742065,0.03189885402632274,-0.16673988406965629],[0.16142272995408766,0.07051378365046339,0.1406734169093703,1.0,0.24250056264919712,-0.016117802957651566,0.11285545553340506,0.3369699751541403,-0.08258241290501024,0.025805610873456765,0.10269372949067745,-0.1331093794223724],[0.29215364973241764,0.09635813005983054,0.15899267236293377,0.24250056264919712,1.0,-0.10820111385845449,0.0269194875522904,0.4200933020714239,-0.2405508623159306,0.007236612790626947,-0.2668722337224555,-0.2448300028947156],[-0.27447973866346687,0.015339316144672691,-0.17109528745327532,-0.016117802957651566,-0.10820111385845449,1.0,0.7851754658344645,-0.19930281936898842,0.2497605959895482,0.060018492947750246,0.07962076261629886,0.09993887103459814],[-0.1262623829460994,0.04258288936434869,-0.059676488822189365,0.11285545553340506,0.0269194875522904,0.7851754658344645,1.0,0.03810477703346746,0.09777327153781698,0.029392602568147914,-0.1198054819499666,-0.0498580448501411],[0.6703023870806825,-0.052781082859656374,0.3865567949279795,0.3369699751541403,0.4200933020714239,-0.19930281936898842,0.03810477703346746,1.0,-0.3640653100994963,0.2678517024039483,-0.5497166871892111,-0.4765212877710118],[-0.7345734867797437,0.25383543868085334,-0.5597094116046989,-0.08258241290501024,-0.2405508623159306,0.2497605959895482,0.09777327153781698,-0.3640653100994963,1.0,-0.07863936615188782,0.18653257521105285,0.20957066266858784],[0.23265190929897345,-0.27155820295773203,0.28828283917742065,0.025805610873456765,0.007236612790626947,0.060018492947750246,0.029392602568147914,0.2678517024039483,-0.07863936615188782,1.0,-0.00985615677900996,-0.06439049166014073],[-0.16764793542773154,-0.07802395129758317,0.03189885402632274,0.10269372949067745,-0.2668722337224555,0.07962076261629886,-0.1198054819499666,-0.5497166871892111,0.18653257521105285,-0.00985615677900996,1.0,0.31680429234951807],[-0.3888772126262007,0.0873150957787412,-0.16673988406965629,-0.1331093794223724,-0.2448300028947156,0.09993887103459814,-0.0498580448501411,-0.4765212877710118,0.20957066266858784,-0.06439049166014073,0.31680429234951807,1.0]],"type":"heatmap","xaxis":"x4","yaxis":"y4"},{"name":"7","x":["fixed acidity","volatile acidity","citric acid","residual sugar","chlorides","free sulfur dioxide","total sulfur dioxide","density","pH","sulphates","alcohol","Id"],"y":["fixed acidity","volatile acidity","citric acid","residual sugar","chlorides","free sulfur dioxide","total sulfur dioxide","density","pH","sulphates","alcohol","Id"],"z":[[1.0,-0.21514277313276647,0.7544838795584622,0.24712359710292153,0.4395111933228292,-0.3491081687761723,-0.20851092827613868,0.7320325047927314,-0.7824367169351478,0.15949258191361698,-0.27069967292795716,-0.4710378690481008],[-0.21514277313276647,1.0,-0.2946539590415076,0.1832680670429681,0.13079421247363987,0.15694633980442735,0.1976252406601391,0.10940184872151423,0.2492265654698905,-0.1853408017970883,-0.027082111909786634,-0.0740061782230246],[0.7544838795584622,-0.2946539590415076,1.0,0.35065311934950544,0.4011539908071849,-0.21722320552840582,-0.13376036420878545,0.4915361355566832,-0.7249957643095354,0.15396749368093032,-0.044991726945234525,-0.2459903698934086],[0.24712359710292153,0.1832680670429681,0.35065311934950544,1.0,0.35364948631706233,-0.10000247174486687,0.03160206707216905,0.366405061719804,-0.20273971984513087,-0.10343351110143179,0.16966635616071504,-0.225644876240496],[0.4395111933228292,0.13079421247363987,0.4011539908071849,0.35364948631706233,1.0,-0.16410528279390252,-0.15945247161830922,0.5774866304309232,-0.27005277041687226,0.041859696242683646,-0.25907329004526436,-0.28920446477377676],[-0.3491081687761723,0.15694633980442735,-0.21722320552840582,-0.10000247174486687,-0.16410528279390252,1.0,0.829697675359871,-0.2103600777410296,0.22260250960353775,0.055953861728617736,0.037537868867106916,0.21413345872552517],[-0.20851092827613868,0.1976252406601391,-0.13376036420878545,0.03160206707216905,-0.15945247161830922,0.829697675359871,1.0,-0.04693848190804794,0.1861747220967131,0.15233747109714005,0.058616074742971355,0.012150480769568177],[0.7320325047927314,0.10940184872151423,0.4915361355566832,0.366405061719804,0.5774866304309232,-0.2103600777410296,-0.04693848190804794,1.0,-0.4266179130553889,0.19178043419228563,-0.5843090976084883,-0.5318409104942532],[-0.7824367169351478,0.2492265654698905,-0.7249957643095354,-0.20273971984513087,-0.27005277041687226,0.22260250960353775,0.1861747220967131,-0.4266179130553889,1.0,0.05644021744321256,0.21781046004635823,0.2146120550932001],[0.15949258191361698,-0.1853408017970883,0.15396749368093032,-0.10343351110143179,0.041859696242683646,0.055953861728617736,0.15233747109714005,0.19178043419228563,0.05644021744321256,1.0,-0.02197174627534781,-0.10023560081939799],[-0.27069967292795716,-0.027082111909786634,-0.044991726945234525,0.16966635616071504,-0.25907329004526436,0.037537868867106916,0.058616074742971355,-0.5843090976084883,0.21781046004635823,-0.02197174627534781,1.0,0.2500674038945977],[-0.4710378690481008,-0.0740061782230246,-0.2459903698934086,-0.225644876240496,-0.28920446477377676,0.21413345872552517,0.012150480769568177,-0.5318409104942532,0.2146120550932001,-0.10023560081939799,0.2500674038945977,1.0]],"type":"heatmap","xaxis":"x5","yaxis":"y5"},{"name":"8","x":["fixed acidity","volatile acidity","citric acid","residual sugar","chlorides","free sulfur dioxide","total sulfur dioxide","density","pH","sulphates","alcohol","Id"],"y":["fixed acidity","volatile acidity","citric acid","residual sugar","chlorides","free sulfur dioxide","total sulfur dioxide","density","pH","sulphates","alcohol","Id"],"z":[[1.0,-0.40680517883368206,0.9100304883691659,0.586974060055044,0.5427734517339595,-0.485861451269312,-0.29851982889650075,0.7551630632820306,-0.7603932890726096,-0.3842768036484018,-0.2922510020972051,-0.396463754407032],[-0.40680517883368206,1.0,-0.5066491827935314,-0.24981474617685684,-0.3338271583420936,0.21269248984883138,0.1053413622350952,-0.39143449982590617,0.5802403036307444,-0.1664197541783441,0.5757589910891099,0.11512993512021238],[0.9100304883691659,-0.5066491827935314,1.0,0.5543275101988108,0.6494845360824743,-0.34674500310692385,-0.14940975532021236,0.7083946980854198,-0.8029770619981182,-0.24444873658614302,-0.2564481167950216,-0.38410606425268234],[0.586974060055044,-0.24981474617685684,0.5543275101988108,1.0,0.5646749570558552,-0.2696102724767931,-0.12397924723126491,0.6578019787692555,-0.3033464794908061,0.02379188074437695,0.18491205189093754,-0.5775536765168761],[0.5427734517339595,-0.3338271583420936,0.6494845360824743,0.5646749570558552,1.0,0.09673143863497875,0.04881704876799018,0.3549337260677467,-0.4592673232830566,-0.14074321197383993,0.22107596275432898,-0.23399564833784095],[-0.485861451269312,0.21269248984883138,-0.34674500310692385,-0.2696102724767931,0.09673143863497875,1.0,0.7914939684385799,-0.6235457352008631,0.3053923013380848,-0.12724679222420202,0.46167464535583674,0.20521722345216373],[-0.29851982889650075,0.1053413622350952,-0.14940975532021236,-0.12397924723126491,0.04881704876799018,0.7914939684385799,1.0,-0.33284351432720577,0.13541681660210678,0.07291674740113441,0.3471526365714333,-0.19955921184338543],[0.7551630632820306,-0.39143449982590617,0.7083946980854198,0.6578019787692555,0.3549337260677467,-0.6235457352008631,-0.33284351432720577,1.0,-0.36889536612090673,0.11703909206245636,-0.32571858512471136,-0.5489331876101552],[-0.7603932890726096,0.5802403036307444,-0.8029770619981182,-0.3033464794908061,-0.4592673232830566,0.3053923013380848,0.13541681660210678,-0.36889536612090673,1.0,0.3144560357675112,0.4781383868177529,0.04737336799765661],[-0.3842768036484018,-0.1664197541783441,-0.24444873658614302,0.02379188074437695,-0.14074321197383993,-0.12724679222420202,0.07291674740113441,0.11703909206245636,0.3144560357675112,1.0,-0.019273795437614843,-0.27387728373645226],[-0.2922510020972051,0.5757589910891099,-0.2564481167950216,0.18491205189093754,0.22107596275432898,0.46167464535583674,0.3471526365714333,-0.32571858512471136,0.4781383868177529,-0.019273795437614843,1.0,-0.2916056181616996],[-0.396463754407032,0.11512993512021238,-0.38410606425268234,-0.5775536765168761,-0.23399564833784095,0.20521722345216373,-0.19955921184338543,-0.5489331876101552,0.04737336799765661,-0.27387728373645226,-0.2916056181616996,1.0]],"type":"heatmap","xaxis":"x6","yaxis":"y6"}],                        {"template":{"data":{"histogram2dcontour":[{"type":"histogram2dcontour","colorbar":{"outlinewidth":0,"ticks":""},"colorscale":[[0.0,"#0d0887"],[0.1111111111111111,"#46039f"],[0.2222222222222222,"#7201a8"],[0.3333333333333333,"#9c179e"],[0.4444444444444444,"#bd3786"],[0.5555555555555556,"#d8576b"],[0.6666666666666666,"#ed7953"],[0.7777777777777778,"#fb9f3a"],[0.8888888888888888,"#fdca26"],[1.0,"#f0f921"]]}],"choropleth":[{"type":"choropleth","colorbar":{"outlinewidth":0,"ticks":""}}],"histogram2d":[{"type":"histogram2d","colorbar":{"outlinewidth":0,"ticks":""},"colorscale":[[0.0,"#0d0887"],[0.1111111111111111,"#46039f"],[0.2222222222222222,"#7201a8"],[0.3333333333333333,"#9c179e"],[0.4444444444444444,"#bd3786"],[0.5555555555555556,"#d8576b"],[0.6666666666666666,"#ed7953"],[0.7777777777777778,"#fb9f3a"],[0.8888888888888888,"#fdca26"],[1.0,"#f0f921"]]}],"heatmap":[{"type":"heatmap","colorbar":{"outlinewidth":0,"ticks":""},"colorscale":[[0.0,"#0d0887"],[0.1111111111111111,"#46039f"],[0.2222222222222222,"#7201a8"],[0.3333333333333333,"#9c179e"],[0.4444444444444444,"#bd3786"],[0.5555555555555556,"#d8576b"],[0.6666666666666666,"#ed7953"],[0.7777777777777778,"#fb9f3a"],[0.8888888888888888,"#fdca26"],[1.0,"#f0f921"]]}],"heatmapgl":[{"type":"heatmapgl","colorbar":{"outlinewidth":0,"ticks":""},"colorscale":[[0.0,"#0d0887"],[0.1111111111111111,"#46039f"],[0.2222222222222222,"#7201a8"],[0.3333333333333333,"#9c179e"],[0.4444444444444444,"#bd3786"],[0.5555555555555556,"#d8576b"],[0.6666666666666666,"#ed7953"],[0.7777777777777778,"#fb9f3a"],[0.8888888888888888,"#fdca26"],[1.0,"#f0f921"]]}],"contourcarpet":[{"type":"contourcarpet","colorbar":{"outlinewidth":0,"ticks":""}}],"contour":[{"type":"contour","colorbar":{"outlinewidth":0,"ticks":""},"colorscale":[[0.0,"#0d0887"],[0.1111111111111111,"#46039f"],[0.2222222222222222,"#7201a8"],[0.3333333333333333,"#9c179e"],[0.4444444444444444,"#bd3786"],[0.5555555555555556,"#d8576b"],[0.6666666666666666,"#ed7953"],[0.7777777777777778,"#fb9f3a"],[0.8888888888888888,"#fdca26"],[1.0,"#f0f921"]]}],"surface":[{"type":"surface","colorbar":{"outlinewidth":0,"ticks":""},"colorscale":[[0.0,"#0d0887"],[0.1111111111111111,"#46039f"],[0.2222222222222222,"#7201a8"],[0.3333333333333333,"#9c179e"],[0.4444444444444444,"#bd3786"],[0.5555555555555556,"#d8576b"],[0.6666666666666666,"#ed7953"],[0.7777777777777778,"#fb9f3a"],[0.8888888888888888,"#fdca26"],[1.0,"#f0f921"]]}],"mesh3d":[{"type":"mesh3d","colorbar":{"outlinewidth":0,"ticks":""}}],"scatter":[{"fillpattern":{"fillmode":"overlay","size":10,"solidity":0.2},"type":"scatter"}],"parcoords":[{"type":"parcoords","line":{"colorbar":{"outlinewidth":0,"ticks":""}}}],"scatterpolargl":[{"type":"scatterpolargl","marker":{"colorbar":{"outlinewidth":0,"ticks":""}}}],"bar":[{"error_x":{"color":"#2a3f5f"},"error_y":{"color":"#2a3f5f"},"marker":{"line":{"color":"#E5ECF6","width":0.5},"pattern":{"fillmode":"overlay","size":10,"solidity":0.2}},"type":"bar"}],"scattergeo":[{"type":"scattergeo","marker":{"colorbar":{"outlinewidth":0,"ticks":""}}}],"scatterpolar":[{"type":"scatterpolar","marker":{"colorbar":{"outlinewidth":0,"ticks":""}}}],"histogram":[{"marker":{"pattern":{"fillmode":"overlay","size":10,"solidity":0.2}},"type":"histogram"}],"scattergl":[{"type":"scattergl","marker":{"colorbar":{"outlinewidth":0,"ticks":""}}}],"scatter3d":[{"type":"scatter3d","line":{"colorbar":{"outlinewidth":0,"ticks":""}},"marker":{"colorbar":{"outlinewidth":0,"ticks":""}}}],"scattermapbox":[{"type":"scattermapbox","marker":{"colorbar":{"outlinewidth":0,"ticks":""}}}],"scatterternary":[{"type":"scatterternary","marker":{"colorbar":{"outlinewidth":0,"ticks":""}}}],"scattercarpet":[{"type":"scattercarpet","marker":{"colorbar":{"outlinewidth":0,"ticks":""}}}],"carpet":[{"aaxis":{"endlinecolor":"#2a3f5f","gridcolor":"white","linecolor":"white","minorgridcolor":"white","startlinecolor":"#2a3f5f"},"baxis":{"endlinecolor":"#2a3f5f","gridcolor":"white","linecolor":"white","minorgridcolor":"white","startlinecolor":"#2a3f5f"},"type":"carpet"}],"table":[{"cells":{"fill":{"color":"#EBF0F8"},"line":{"color":"white"}},"header":{"fill":{"color":"#C8D4E3"},"line":{"color":"white"}},"type":"table"}],"barpolar":[{"marker":{"line":{"color":"#E5ECF6","width":0.5},"pattern":{"fillmode":"overlay","size":10,"solidity":0.2}},"type":"barpolar"}],"pie":[{"automargin":true,"type":"pie"}]},"layout":{"autotypenumbers":"strict","colorway":["#636efa","#EF553B","#00cc96","#ab63fa","#FFA15A","#19d3f3","#FF6692","#B6E880","#FF97FF","#FECB52"],"font":{"color":"#2a3f5f"},"hovermode":"closest","hoverlabel":{"align":"left"},"paper_bgcolor":"white","plot_bgcolor":"#E5ECF6","polar":{"bgcolor":"#E5ECF6","angularaxis":{"gridcolor":"white","linecolor":"white","ticks":""},"radialaxis":{"gridcolor":"white","linecolor":"white","ticks":""}},"ternary":{"bgcolor":"#E5ECF6","aaxis":{"gridcolor":"white","linecolor":"white","ticks":""},"baxis":{"gridcolor":"white","linecolor":"white","ticks":""},"caxis":{"gridcolor":"white","linecolor":"white","ticks":""}},"coloraxis":{"colorbar":{"outlinewidth":0,"ticks":""}},"colorscale":{"sequential":[[0.0,"#0d0887"],[0.1111111111111111,"#46039f"],[0.2222222222222222,"#7201a8"],[0.3333333333333333,"#9c179e"],[0.4444444444444444,"#bd3786"],[0.5555555555555556,"#d8576b"],[0.6666666666666666,"#ed7953"],[0.7777777777777778,"#fb9f3a"],[0.8888888888888888,"#fdca26"],[1.0,"#f0f921"]],"sequentialminus":[[0.0,"#0d0887"],[0.1111111111111111,"#46039f"],[0.2222222222222222,"#7201a8"],[0.3333333333333333,"#9c179e"],[0.4444444444444444,"#bd3786"],[0.5555555555555556,"#d8576b"],[0.6666666666666666,"#ed7953"],[0.7777777777777778,"#fb9f3a"],[0.8888888888888888,"#fdca26"],[1.0,"#f0f921"]],"diverging":[[0,"#8e0152"],[0.1,"#c51b7d"],[0.2,"#de77ae"],[0.3,"#f1b6da"],[0.4,"#fde0ef"],[0.5,"#f7f7f7"],[0.6,"#e6f5d0"],[0.7,"#b8e186"],[0.8,"#7fbc41"],[0.9,"#4d9221"],[1,"#276419"]]},"xaxis":{"gridcolor":"white","linecolor":"white","ticks":"","title":{"standoff":15},"zerolinecolor":"white","automargin":true,"zerolinewidth":2},"yaxis":{"gridcolor":"white","linecolor":"white","ticks":"","title":{"standoff":15},"zerolinecolor":"white","automargin":true,"zerolinewidth":2},"scene":{"xaxis":{"backgroundcolor":"#E5ECF6","gridcolor":"white","linecolor":"white","showbackground":true,"ticks":"","zerolinecolor":"white","gridwidth":2},"yaxis":{"backgroundcolor":"#E5ECF6","gridcolor":"white","linecolor":"white","showbackground":true,"ticks":"","zerolinecolor":"white","gridwidth":2},"zaxis":{"backgroundcolor":"#E5ECF6","gridcolor":"white","linecolor":"white","showbackground":true,"ticks":"","zerolinecolor":"white","gridwidth":2}},"shapedefaults":{"line":{"color":"#2a3f5f"}},"annotationdefaults":{"arrowcolor":"#2a3f5f","arrowhead":0,"arrowwidth":1},"geo":{"bgcolor":"white","landcolor":"#E5ECF6","subunitcolor":"white","showland":true,"showlakes":true,"lakecolor":"white"},"title":{"x":0.05},"mapbox":{"style":"light"}}},"xaxis":{"anchor":"y","domain":[0.0,0.1388888888888889]},"yaxis":{"anchor":"x","domain":[0.0,1.0]},"xaxis2":{"anchor":"y2","domain":[0.17222222222222222,0.3111111111111111]},"yaxis2":{"anchor":"x2","domain":[0.0,1.0]},"xaxis3":{"anchor":"y3","domain":[0.34444444444444444,0.48333333333333334]},"yaxis3":{"anchor":"x3","domain":[0.0,1.0]},"xaxis4":{"anchor":"y4","domain":[0.5166666666666667,0.6555555555555557]},"yaxis4":{"anchor":"x4","domain":[0.0,1.0]},"xaxis5":{"anchor":"y5","domain":[0.6888888888888889,0.8277777777777777]},"yaxis5":{"anchor":"x5","domain":[0.0,1.0]},"xaxis6":{"anchor":"y6","domain":[0.861111111111111,1.0]},"yaxis6":{"anchor":"x6","domain":[0.0,1.0]},"annotations":[{"font":{"size":16},"showarrow":false,"text":"3","x":0.06944444444444445,"xanchor":"center","xref":"paper","y":1.0,"yanchor":"bottom","yref":"paper"},{"font":{"size":16},"showarrow":false,"text":"4","x":0.24166666666666667,"xanchor":"center","xref":"paper","y":1.0,"yanchor":"bottom","yref":"paper"},{"font":{"size":16},"showarrow":false,"text":"5","x":0.41388888888888886,"xanchor":"center","xref":"paper","y":1.0,"yanchor":"bottom","yref":"paper"},{"font":{"size":16},"showarrow":false,"text":"6","x":0.5861111111111112,"xanchor":"center","xref":"paper","y":1.0,"yanchor":"bottom","yref":"paper"},{"font":{"size":16},"showarrow":false,"text":"7","x":0.7583333333333333,"xanchor":"center","xref":"paper","y":1.0,"yanchor":"bottom","yref":"paper"},{"font":{"size":16},"showarrow":false,"text":"8","x":0.9305555555555556,"xanchor":"center","xref":"paper","y":1.0,"yanchor":"bottom","yref":"paper"}],"title":{"text":"Correlation Heatmap spearman"}},                        {"responsive": true}                    )                };                            </script>        </div>
</body>
</html>