<html>
<head><meta charset="utf-8" /></head>
<body>
    <div>                        <script type="text/javascript">window.PlotlyConfig = {MathJaxConfig: 'local'};</script>
        <script charset="utf-8" src="https://cdn.plot.ly/plotly-2.25.2.min.js"></script>                <div id="cf3fc83a-99b4-4031-9cb5-881a81ab304c" class="plotly-graph-div" style="height:100%; width:100%;"></div>            <script type="text/javascript">                                    window.PLOTLYENV=window.PLOTLYENV || {};                                    if (document.getElementById("cf3fc83a-99b4-4031-9cb5-881a81ab304c")) {                    Plotly.newPlot(                        "cf3fc83a-99b4-4031-9cb5-881a81ab304c",                        [{"name":"3","x":["fixed acidity","volatile acidity","citric acid","residual sugar","chlorides","free sulfur dioxide","total sulfur dioxide","density","pH","sulphates","alcohol","Id"],"y":["fixed acidity","volatile acidity","citric acid","residual sugar","chlorides","free sulfur dioxide","total sulfur dioxide","density","pH","sulphates","alcohol","Id"],"z":[[1.0,-0.5260003576098405,0.9850353673849214,-0.2650945793533031,0.3494965351392741,-0.008669987262805871,0.4038371595530605,0.8335378858935919,-0.7791835352719098,0.2840820615351862,-0.7625894490054805,-0.9854433039598856],[-0.5260003576098405,1.0,-0.6635575418108692,-0.02607262614718535,0.050740248590521383,-0.0385720735553319,-0.33496657981889033,-0.8115203129476238,0.5704583473734057,-0.9034248597863962,0.8402381182634016,0.5189772984720955],[0.9850353673849214,-0.6635575418108692,1.0,-0.22388708600410714,0.2845760679850943,-0.0057647559166303965,0.4224039333333627,0.8964397337523007,-0.7888156981026353,0.4273865703896326,-0.8312801763912521,-0.9688744923477306],[-0.2650945793533031,-0.02607262614718535,-0.22388708600410714,1.0,-0.19849642874447423,-0.3814711669312766,-0.23214008306747455,0.13598157964227192,0.0630181857719645,-0.20365271467082083,0.25441701958213425,0.29803642620147824],[0.3494965351392741,0.050740248590521383,0.2845760679850943,-0.19849642874447423,1.0,-0.482311997837875,-0.5109524553915699,0.06279421875177324,-0.3753621798579474,0.031140290973644538,-0.34543078058853766,-0.49202706515765593],[-0.008669987262805871,-0.0385720735553319,-0.0057647559166303965,-0.3814711669312766,-0.482311997837875,1.0,0.8524493014982127,0.052555320584266804,-0.26166063768729886,0.08987503419440497,-0.14782818985002275,0.10182835772796305],[0.4038371595530605,-0.33496657981889033,0.4224039333333627,-0.23214008306747455,-0.5109524553915699,0.8524493014982127,1.0,0.501942071661424,-0.5071939260052407,0.1795205588445176,-0.38908177499027524,-0.2753812133596436],[0.8335378858935919,-0.8115203129476238,0.8964397337523007,0.13598157964227192,0.06279421875177324,0.052555320584266804,0.501942071661424,1.0,-0.8244404191606931,0.5181042635650179,-0.8280714264164565,-0.7897948998208363],[-0.7791835352719098,0.5704583473734057,-0.7888156981026353,0.0630181857719645,-0.3753621798579474,-0.26166063768729886,-0.5071939260052407,-0.8244404191606931,1.0,-0.39380143982699206,0.8632660218641494,0.7771314894927186],[0.2840820615351862,-0.9034248597863962,0.4273865703896326,-0.20365271467082083,0.031140290973644538,0.08987503419440497,0.1795205588445176,0.5181042635650179,-0.39380143982699206,1.0,-0.7723527922832132,-0.3215708628038641],[-0.7625894490054805,0.8402381182634016,-0.8312801763912521,0.25441701958213425,-0.34543078058853766,-0.14782818985002275,-0.38908177499027524,-0.8280714264164565,0.8632660218641494,-0.7723527922832132,1.0,0.7894599620668721],[-0.9854433039598856,0.5189772984720955,-0.9688744923477306,0.29803642620147824,-0.49202706515765593,0.10182835772796305,-0.2753812133596436,-0.7897948998208363,0.7771314894927186,-0.3215708628038641,0.7894599620668721,1.0]],"type":"heatmap","xaxis":"x","yaxis":"y"},{"name":"4","x":["fixed acidity","volatile acidity","citric acid","residual sugar","chlorides","free sulfur dioxide","total sulfur dioxide","density","pH","sulphates","alcohol","Id"],"y":["fixed acidity","volatile acidity","citric acid","residual sugar","chlorides","free sulfur dioxide","total sulfur dioxide","density","pH","sulphates","alcohol","Id"],"z":[[1.0,-0.2604218476860128,0.5133694842975539,0.17086405864273863,0.2431941009492523,0.13932589628173653,0.08031508074656885,0.7302934561294749,-0.6840207414552462,0.20826060638096253,-0.4091467637725837,-0.16845257075032524],[-0.2604218476860128,1.0,-0.5670852568527895,-0.19342020574690097,-0.19154565321736924,-0.05721320009209262,-0.01515858201122802,-0.06819322865773603,0.31343270954315466,-0.25984113771731315,0.06410672518730509,0.011622531276555501],[0.5133694842975539,-0.5670852568527895,1.0,0.27696108908538425,0.7341493764633096,0.39755145847229023,0.3383485148304897,0.3958151281190254,-0.6415476154090659,0.6653913934835535,-0.15324598924612667,-0.2349173940118375],[0.17086405864273863,-0.19342020574690097,0.27696108908538425,1.0,0.10877783231715198,0.018106933128584062,-0.047402460304928576,0.14756777873072632,-0.12534542029196513,0.02178391894858881,0.3987835920843285,0.2913706193183564],[0.2431941009492523,-0.19154565321736924,0.7341493764633096,0.10877783231715198,1.0,0.33085868207560815,0.20366294482281425,0.40297737913762544,-0.5704619683463296,0.8555842813120119,-0.1911348837765336,-0.16684084767539262],[0.13932589628173653,-0.05721320009209262,0.39755145847229023,0.018106933128584062,0.33085868207560815,1.0,0.6612924464691312,0.15987962363521002,-0.08268090178190944,0.394967723758126,-0.21736953954019803,-0.2610341910154506],[0.08031508074656885,-0.01515858201122802,0.3383485148304897,-0.047402460304928576,0.20366294482281425,0.6612924464691312,1.0,0.24698445460373566,-0.1059423990547648,0.36565424786448963,-0.1977689379099839,-0.4578178873877148],[0.7302934561294749,-0.06819322865773603,0.3958151281190254,0.14756777873072632,0.40297737913762544,0.15987962363521002,0.24698445460373566,1.0,-0.5314940659175507,0.3767408487853914,-0.46199924112052415,-0.14972412360646717],[-0.6840207414552462,0.31343270954315466,-0.6415476154090659,-0.12534542029196513,-0.5704619683463296,-0.08268090178190944,-0.1059423990547648,-0.5314940659175507,1.0,-0.5858996484696329,0.5679253243028611,0.2463874287444625],[0.20826060638096253,-0.25984113771731315,0.6653913934835535,0.02178391894858881,0.8555842813120119,0.394967723758126,0.36565424786448963,0.3767408487853914,-0.5858996484696329,1.0,-0.23122177301812252,-0.23295361645423734],[-0.4091467637725837,0.06410672518730509,-0.15324598924612667,0.3987835920843285,-0.1911348837765336,-0.21736953954019803,-0.1977689379099839,-0.46199924112052415,0.5679253243028611,-0.23122177301812252,1.0,0.31911553112702823],[-0.16845257075032524,0.011622531276555501,-0.2349173940118375,0.2913706193183564,-0.16684084767539262,-0.2610341910154506,-0.4578178873877148,-0.14972412360646717,0.2463874287444625,-0.23295361645423734,0.31911553112702823,1.0]],"type":"heatmap","xaxis":"x2","yaxis":"y2"},{"name":"5","x":["fixed acidity","volatile acidity","citric acid","residual sugar","chlorides","free sulfur dioxide","total sulfur dioxide","density","pH","sulphates","alcohol","Id"],"y":["fixed acidity","volatile acidity","citric acid","residual sugar","chlorides","free sulfur dioxide","total sulfur dioxide","density","pH","sulphates","alcohol","Id"],"z":[[1.0,-0.17755724351692584,0.6259584370714961,0.1974610788447806,0.09214031521068199,-0.07443378953101365,-0.019841119310895956,0.6943405907640015,-0.6434251133932402,0.1142181421597245,0.009605535426973465,-0.15672558993974953],[-0.17755724351692584,1.0,-0.47193552030063735,-0.011160540736410395,0.013827164304638921,-0.04804705860531294,0.009708729243247586,-0.11677779279063044,0.16445162601334182,-0.159522370136891,0.005398573870039813,-0.0018004924079140685],[0.6259584370714961,-0.47193552030063735,1.0,0.18220167549615324,0.3158372779010569,0.03867046463175474,0.17424258688777045,0.4633887539937995,-0.47332115511265743,0.32713811015448807,-0.010479790646413007,-0.10858477606136066],[0.1974610788447806,-0.011160540736410395,0.18220167549615324,1.0,0.06227325021076478,0.3076009921316725,0.2198899428703913,0.49546886488503483,-0.09097160678240844,0.0651035480804237,0.03805581098008773,-0.017014234623596594],[0.09214031521068199,0.013827164304638921,0.3158372779010569,0.06227325021076478,1.0,0.05099769286455905,0.07535480989968231,0.12727707592219578,-0.2935941633690292,0.4876306631520009,-0.19459689025218307,-0.008302250344837123],[-0.07443378953101365,-0.04804705860531294,0.03867046463175474,0.3076009921316725,0.05099769286455905,1.0,0.6879682615619862,0.09384422737863216,-0.022875789165700107,0.025668973779525376,-0.1369626518550199,0.10295017071274193],[-0.019841119310895956,0.009708729243247586,0.17424258688777045,0.2198899428703913,0.07535480989968231,0.6879682615619862,1.0,0.13619948411588745,-0.10594237617086527,0.10073868494686034,-0.2085907528746343,-0.11322338084591918],[0.6943405907640015,-0.11677779279063044,0.4633887539937995,0.49546886488503483,0.12727707592219578,0.09384422737863216,0.13619948411588745,1.0,-0.28617880050588546,0.1970103269038618,-0.30267520008334325,-0.24822901584707088],[-0.6434251133932402,0.16445162601334182,-0.47332115511265743,-0.09097160678240844,-0.2935941633690292,-0.022875789165700107,-0.10594237617086527,-0.28617880050588546,1.0,-0.17759140335395118,0.23925210478807762,0.038222643091095736],[0.1142181421597245,-0.159522370136891,0.32713811015448807,0.0651035480804237,0.4876306631520009,0.025668973779525376,0.10073868494686034,0.1970103269038618,-0.17759140335395118,1.0,-0.0056718916332177405,-0.10604670861252069],[0.009605535426973465,0.005398573870039813,-0.010479790646413007,0.03805581098008773,-0.19459689025218307,-0.1369626518550199,-0.2085907528746343,-0.30267520008334325,0.23925210478807762,-0.0056718916332177405,1.0,0.18867937459090697],[-0.15672558993974953,-0.0018004924079140685,-0.10858477606136066,-0.017014234623596594,-0.008302250344837123,0.10295017071274193,-0.11322338084591918,-0.24822901584707088,0.038222643091095736,-0.10604670861252069,0.18867937459090697,1.0]],"type":"heatmap","xaxis":"x3","yaxis":"y3"},{"name":"6","x":["fixed acidity","volatile acidity","citric acid","residual sugar","chlorides","free sulfur dioxide","total sulfur dioxide","density","pH","sulphates","alcohol","Id"],"y":["fixed acidity","volatile acidity","citric acid","residual sugar","chlorides","free sulfur dioxide","total sulfur dioxide","density","pH","sulphates","alcohol","Id"],"z":[[1.0,-0.2756604745326925,0.6869887283828876,0.12265554316094883,0.13055775541722456,-0.23550880371434493,-0.14626051460992062,0.7073188993711258,-0.6979677358839355,0.18952298567592904,-0.16695959707556268,-0.36367692579582644],[-0.2756604745326925,1.0,-0.5702228029045059,0.01778001826081373,0.03153954253852408,-0.013041028497762388,0.018793854416924664,-0.033827627545673276,0.2452370975706772,-0.22215559302251223,-0.07406307117917087,0.07969994574787946],[0.6869887283828876,-0.5702228029045059,1.0,0.09124025268613586,0.200893974648803,-0.15160635504534425,-0.03773326573352616,0.3889689363817123,-0.5516735303458782,0.2545835875041922,0.022832079918796242,-0.16656293137613304],[0.12265554316094883,0.01778001826081373,0.09124025268613586,1.0,0.08590804887996434,0.05296217654748214,0.12480903621143827,0.35000336890955486,-0.09759425666136741,0.003242349842734939,0.011345196826544049,-0.06704047648415419],[0.13055775541722456,0.03153954253852408,0.200893974648803,0.08590804887996434,1.0,-0.062150160134533075,-0.003817870648596845,0.2123518407482256,-0.26754042821887464,0.29064567776910716,-0.2195228334910436,-0.13595230971207206],[-0.23550880371434493,-0.013041028497762388,-0.15160635504534425,0.05296217654748214,-0.062150160134533075,1.0,0.6429965728461118,-0.18528610975962992,0.19617289717620937,0.09628078081443865,0.09613065665273814,0.11369159605758067],[-0.14626051460992062,0.018793854416924664,-0.03773326573352616,0.12480903621143827,-0.003817870648596845,0.6429965728461118,1.0,-0.020805457454988196,-0.006372901665762667,0.13984238940423793,-0.09442647888747277,-0.07237398598940248],[0.7073188993711258,-0.033827627545673276,0.3889689363817123,0.35000336890955486,0.2123518407482256,-0.18528610975962992,-0.020805457454988196,1.0,-0.3755057742405337,0.20129652994071914,-0.5515108245837633,-0.42978170530912724],[-0.6979677358839355,0.2452370975706772,-0.5516735303458782,-0.09759425666136741,-0.26754042821887464,0.19617289717620937,-0.006372901665762667,-0.3755057742405337,1.0,-0.1920096298352072,0.25044687866879894,0.201404998395432],[0.18952298567592904,-0.22215559302251223,0.2545835875041922,0.003242349842734939,0.29064567776910716,0.09628078081443865,0.13984238940423793,0.20129652994071914,-0.1920096298352072,1.0,-0.06550229485233142,-0.13694437855903704],[-0.16695959707556268,-0.07406307117917087,0.022832079918796242,0.011345196826544049,-0.2195228334910436,0.09613065665273814,-0.09442647888747277,-0.5515108245837633,0.25044687866879894,-0.06550229485233142,1.0,0.2833750249676608],[-0.36367692579582644,0.07969994574787946,-0.16656293137613304,-0.06704047648415419,-0.13595230971207206,0.11369159605758067,-0.07237398598940248,-0.42978170530912724,0.201404998395432,-0.13694437855903704,0.2833750249676608,1.0]],"type":"heatmap","xaxis":"x4","yaxis":"y4"},{"name":"7","x":["fixed acidity","volatile acidity","citric acid","residual sugar","chlorides","free sulfur dioxide","total sulfur dioxide","density","pH","sulphates","alcohol","Id"],"y":["fixed acidity","volatile acidity","citric acid","residual sugar","chlorides","free sulfur dioxide","total sulfur dioxide","density","pH","sulphates","alcohol","Id"],"z":[[1.0,-0.1678111869280818,0.7178693586249151,0.19788548822422916,0.23080433798318095,-0.2537153667839187,-0.20563475105147366,0.8001064397659409,-0.782796931671644,0.1565943918668645,-0.38762427612402073,-0.4816907602397964],[-0.1678111869280818,1.0,-0.39710438396874526,0.10486010889458351,0.05365522595834002,0.08089197850393527,0.020868669727472637,0.1276006203765536,0.2328159610094811,-0.21117945217103054,-0.017344686613719528,-0.17138735181931775],[0.7178693586249151,-0.39710438396874526,1.0,0.3375180276717312,0.30892889427096226,-0.09189165664750713,0.02702257199640636,0.5155674776461008,-0.7159983412856656,0.16168548853950607,-0.06853232456114836,-0.22961260111240825],[0.19788548822422916,0.10486010889458351,0.3375180276717312,1.0,0.13144384912442972,0.04513254335949923,0.3572133568715863,0.3147015553699053,-0.24528515483888957,-0.17558378512739142,0.1069847558155393,-0.12969001604577415],[0.23080433798318095,0.05365522595834002,0.30892889427096226,0.13144384912442972,1.0,-0.20684068838981912,-0.23608350059704955,0.3816282815650922,-0.17460183802442303,0.21547097292647846,-0.24859348451462773,-0.25276056739183894],[-0.2537153667839187,0.08089197850393527,-0.09189165664750713,0.04513254335949923,-0.20684068838981912,1.0,0.6430431818232424,-0.21824783911432685,0.120042784582591,-0.06742003209721759,0.05556917386560621,0.18217841095825257],[-0.20563475105147366,0.020868669727472637,0.02702257199640636,0.3572133568715863,-0.23608350059704955,0.6430431818232424,1.0,-0.23834276987538208,-0.0014567180276863283,-0.1340999261816182,0.18088782100367745,0.06405368683668258],[0.8001064397659409,0.1276006203765536,0.5155674776461008,0.3147015553699053,0.3816282815650922,-0.21824783911432685,-0.23834276987538208,1.0,-0.4745266963694851,0.2189360967360063,-0.5577121668814837,-0.541856372762084],[-0.782796931671644,0.2328159610094811,-0.7159983412856656,-0.24528515483888957,-0.17460183802442303,0.120042784582591,-0.0014567180276863283,-0.4745266963694851,1.0,0.0081882703681842,0.33676920406480854,0.21909408540491904],[0.1565943918668645,-0.21117945217103054,0.16168548853950607,-0.17558378512739142,0.21547097292647846,-0.06742003209721759,-0.1340999261816182,0.2189360967360063,0.0081882703681842,1.0,-0.04313723084593656,-0.15293039719003004],[-0.38762427612402073,-0.017344686613719528,-0.06853232456114836,0.1069847558155393,-0.24859348451462773,0.05556917386560621,0.18088782100367745,-0.5577121668814837,0.33676920406480854,-0.04313723084593656,1.0,0.27694306089983095],[-0.4816907602397964,-0.17138735181931775,-0.22961260111240825,-0.12969001604577415,-0.25276056739183894,0.18217841095825257,0.06405368683668258,-0.541856372762084,0.21909408540491904,-0.15293039719003004,0.27694306089983095,1.0]],"type":"heatmap","xaxis":"x5","yaxis":"y5"},{"name":"8","x":["fixed acidity","volatile acidity","citric acid","residual sugar","chlorides","free sulfur dioxide","total sulfur dioxide","density","pH","sulphates","alcohol","Id"],"y":["fixed acidity","volatile acidity","citric acid","residual sugar","chlorides","free sulfur dioxide","total sulfur dioxide","density","pH","sulphates","alcohol","Id"],"z":[[1.0,-0.3736452811606014,0.9209527689003597,0.4387814754992996,0.63990204343324,-0.21806915341250652,-0.39997946018998315,0.8207471307493329,-0.818495782762512,-0.25467898166527414,-0.403628309366044,-0.33557825244978173],[-0.3736452811606014,1.0,-0.5035686261356518,-0.04969550735630766,-0.43051224331897825,-0.15398300887058303,0.4187208311969071,-0.3731428541488345,0.52341923391236,-0.07470485977950848,0.515942151443193,-0.17360181115089707],[0.9209527689003597,-0.5035686261356518,1.0,0.4008738430351954,0.7691893992990603,-0.1336665304026332,-0.43475415975239445,0.8027449846808639,-0.7571542871915845,-0.1769224329399818,-0.31169095206753794,-0.3053259806112295],[0.4387814754992996,-0.04969550735630766,0.4008738430351954,1.0,0.47728230113999187,-0.2597669666537326,-0.3297837037864076,0.5806901162142094,-0.09691382349633358,0.01553210881139463,0.3255121701491717,-0.5429777262739941],[0.63990204343324,-0.43051224331897825,0.7691893992990603,0.47728230113999187,1.0,0.1314793592968281,-0.3606704309444453,0.49568675224987396,-0.5641179255622116,-0.25470694317805626,0.060870598856216596,-0.12968826812523304],[-0.21806915341250652,-0.15398300887058303,-0.1336665304026332,-0.2597669666537326,0.1314793592968281,1.0,0.6973622198532866,-0.39764773013628657,-0.008459403490063246,-0.33268450522393,0.1965997718250627,0.22815824372752386],[-0.39997946018998315,0.4187208311969071,-0.43475415975239445,-0.3297837037864076,-0.3606704309444453,0.6973622198532866,1.0,-0.47841658232387474,0.31431377788425197,-0.09271770610379522,0.2954997734593953,-0.15447929453805803],[0.8207471307493329,-0.3731428541488345,0.8027449846808639,0.5806901162142094,0.49568675224987396,-0.39764773013628657,-0.47841658232387474,1.0,-0.5907876684080551,0.12592429057360238,-0.43120013543370794,-0.4278860527146494],[-0.818495782762512,0.52341923391236,-0.7571542871915845,-0.09691382349633358,-0.5641179255622116,-0.008459403490063246,0.31431377788425197,-0.5907876684080551,1.0,0.08760861982721017,0.6536087987088112,-0.09796912943802231],[-0.25467898166527414,-0.07470485977950848,-0.1769224329399818,0.01553210881139463,-0.25470694317805626,-0.33268450522393,-0.09271770610379522,0.12592429057360238,0.08760861982721017,1.0,-0.275852427202229,-0.02821297087931527],[-0.403628309366044,0.515942151443193,-0.31169095206753794,0.3255121701491717,0.060870598856216596,0.1965997718250627,0.2954997734593953,-0.43120013543370794,0.6536087987088112,-0.275852427202229,1.0,-0.28968590656161713],[-0.33557825244978173,-0.17360181115089707,-0.3053259806112295,-0.5429777262739941,-0.12968826812523304,0.22815824372752386,-0.15447929453805803,-0.4278860527146494,-0.09796912943802231,-0.02821297087931527,-0.28968590656161713,1.0]],"type":"heatmap","xaxis":"x6","yaxis":"y6"}],                        {"template":{"data":{"histogram2dcontour":[{"type":"histogram2dcontour","colorbar":{"outlinewidth":0,"ticks":""},"colorscale":[[0.0,"#0d0887"],[0.1111111111111111,"#46039f"],[0.2222222222222222,"#7201a8"],[0.3333333333333333,"#9c179e"],[0.4444444444444444,"#bd3786"],[0.5555555555555556,"#d8576b"],[0.6666666666666666,"#ed7953"],[0.7777777777777778,"#fb9f3a"],[0.8888888888888888,"#fdca26"],[1.0,"#f0f921"]]}],"choropleth":[{"type":"choropleth","colorbar":{"outlinewidth":0,"ticks":""}}],"histogram2d":[{"type":"histogram2d","colorbar":{"outlinewidth":0,"ticks":""},"colorscale":[[0.0,"#0d0887"],[0.1111111111111111,"#46039f"],[0.2222222222222222,"#7201a8"],[0.3333333333333333,"#9c179e"],[0.4444444444444444,"#bd3786"],[0.5555555555555556,"#d8576b"],[0.6666666666666666,"#ed7953"],[0.7777777777777778,"#fb9f3a"],[0.8888888888888888,"#fdca26"],[1.0,"#f0f921"]]}],"heatmap":[{"type":"heatmap","colorbar":{"outlinewidth":0,"ticks":""},"colorscale":[[0.0,"#0d0887"],[0.1111111111111111,"#46039f"],[0.2222222222222222,"#7201a8"],[0.3333333333333333,"#9c179e"],[0.4444444444444444,"#bd3786"],[0.5555555555555556,"#d8576b"],[0.6666666666666666,"#ed7953"],[0.7777777777777778,"#fb9f3a"],[0.8888888888888888,"#fdca26"],[1.0,"#f0f921"]]}],"heatmapgl":[{"type":"heatmapgl","colorbar":{"outlinewidth":0,"ticks":""},"colorscale":[[0.0,"#0d0887"],[0.1111111111111111,"#46039f"],[0.2222222222222222,"#7201a8"],[0.3333333333333333,"#9c179e"],[0.4444444444444444,"#bd3786"],[0.5555555555555556,"#d8576b"],[0.6666666666666666,"#ed7953"],[0.7777777777777778,"#fb9f3a"],[0.8888888888888888,"#fdca26"],[1.0,"#f0f921"]]}],"contourcarpet":[{"type":"contourcarpet","colorbar":{"outlinewidth":0,"ticks":""}}],"contour":[{"type":"contour","colorbar":{"outlinewidth":0,"ticks":""},"colorscale":[[0.0,"#0d0887"],[0.1111111111111111,"#46039f"],[0.2222222222222222,"#7201a8"],[0.3333333333333333,"#9c179e"],[0.4444444444444444,"#bd3786"],[0.5555555555555556,"#d8576b"],[0.6666666666666666,"#ed7953"],[0.7777777777777778,"#fb9f3a"],[0.8888888888888888,"#fdca26"],[1.0,"#f0f921"]]}],"surface":[{"type":"surface","colorbar":{"outlinewidth":0,"ticks":""},"colorscale":[[0.0,"#0d0887"],[0.1111111111111111,"#46039f"],[0.2222222222222222,"#7201a8"],[0.3333333333333333,"#9c179e"],[0.4444444444444444,"#bd3786"],[0.5555555555555556,"#d8576b"],[0.6666666666666666,"#ed7953"],[0.7777777777777778,"#fb9f3a"],[0.8888888888888888,"#fdca26"],[1.0,"#f0f921"]]}],"mesh3d":[{"type":"mesh3d","colorbar":{"outlinewidth":0,"ticks":""}}],"scatter":[{"fillpattern":{"fillmode":"overlay","size":10,"solidity":0.2},"type":"scatter"}],"parcoords":[{"type":"parcoords","line":{"colorbar":{"outlinewidth":0,"ticks":""}}}],"scatterpolargl":[{"type":"scatterpolargl","marker":{"colorbar":{"outlinewidth":0,"ticks":""}}}],"bar":[{"error_x":{"color":"#2a3f5f"},"error_y":{"color":"#2a3f5f"},"marker":{"line":{"color":"#E5ECF6","width":0.5},"pattern":{"fillmode":"overlay","size":10,"solidity":0.2}},"type":"bar"}],"scattergeo":[{"type":"scattergeo","marker":{"colorbar":{"outlinewidth":0,"ticks":""}}}],"scatterpolar":[{"type":"scatterpolar","marker":{"colorbar":{"outlinewidth":0,"ticks":""}}}],"histogram":[{"marker":{"pattern":{"fillmode":"overlay","size":10,"solidity":0.2}},"type":"histogram"}],"scattergl":[{"type":"scattergl","marker":{"colorbar":{"outlinewidth":0,"ticks":""}}}],"scatter3d":[{"type":"scatter3d","line":{"colorbar":{"outlinewidth":0,"ticks":""}},"marker":{"colorbar":{"outlinewidth":0,"ticks":""}}}],"scattermapbox":[{"type":"scattermapbox","marker":{"colorbar":{"outlinewidth":0,"ticks":""}}}],"scatterternary":[{"type":"scatterternary","marker":{"colorbar":{"outlinewidth":0,"ticks":""}}}],"scattercarpet":[{"type":"scattercarpet","marker":{"colorbar":{"outlinewidth":0,"ticks":""}}}],"carpet":[{"aaxis":{"endlinecolor":"#2a3f5f","gridcolor":"white","linecolor":"white","minorgridcolor":"white","startlinecolor":"#2a3f5f"},"baxis":{"endlinecolor":"#2a3f5f","gridcolor":"white","linecolor":"white","minorgridcolor":"white","startlinecolor":"#2a3f5f"},"type":"carpet"}],"table":[{"cells":{"fill":{"color":"#EBF0F8"},"line":{"color":"white"}},"header":{"fill":{"color":"#C8D4E3"},"line":{"color":"white"}},"type":"table"}],"barpolar":[{"marker":{"line":{"color":"#E5ECF6","width":0.5},"pattern":{"fillmode":"overlay","size":10,"solidity":0.2}},"type":"barpolar"}],"pie":[{"automargin":true,"type":"pie"}]},"layout":{"autotypenumbers":"strict","colorway":["#636efa","#EF553B","#00cc96","#ab63fa","#FFA15A","#19d3f3","#FF6692","#B6E880","#FF97FF","#FECB52"],"font":{"color":"#2a3f5f"},"hovermode":"closest","hoverlabel":{"align":"left"},"paper_bgcolor":"white","plot_bgcolor":"#E5ECF6","polar":{"bgcolor":"#E5ECF6","angularaxis":{"gridcolor":"white","linecolor":"white","ticks":""},"radialaxis":{"gridcolor":"white","linecolor":"white","ticks":""}},"ternary":{"bgcolor":"#E5ECF6","aaxis":{"gridcolor":"white","linecolor":"white","ticks":""},"baxis":{"gridcolor":"white","linecolor":"white","ticks":""},"caxis":{"gridcolor":"white","linecolor":"white","ticks":""}},"coloraxis":{"colorbar":{"outlinewidth":0,"ticks":""}},"colorscale":{"sequential":[[0.0,"#0d0887"],[0.1111111111111111,"#46039f"],[0.2222222222222222,"#7201a8"],[0.3333333333333333,"#9c179e"],[0.4444444444444444,"#bd3786"],[0.5555555555555556,"#d8576b"],[0.6666666666666666,"#ed7953"],[0.7777777777777778,"#fb9f3a"],[0.8888888888888888,"#fdca26"],[1.0,"#f0f921"]],"sequentialminus":[[0.0,"#0d0887"],[0.1111111111111111,"#46039f"],[0.2222222222222222,"#7201a8"],[0.3333333333333333,"#9c179e"],[0.4444444444444444,"#bd3786"],[0.5555555555555556,"#d8576b"],[0.6666666666666666,"#ed7953"],[0.7777777777777778,"#fb9f3a"],[0.8888888888888888,"#fdca26"],[1.0,"#f0f921"]],"diverging":[[0,"#8e0152"],[0.1,"#c51b7d"],[0.2,"#de77ae"],[0.3,"#f1b6da"],[0.4,"#fde0ef"],[0.5,"#f7f7f7"],[0.6,"#e6f5d0"],[0.7,"#b8e186"],[0.8,"#7fbc41"],[0.9,"#4d9221"],[1,"#276419"]]},"xaxis":{"gridcolor":"white","linecolor":"white","ticks":"","title":{"standoff":15},"zerolinecolor":"white","automargin":true,"zerolinewidth":2},"yaxis":{"gridcolor":"white","linecolor":"white","ticks":"","title":{"standoff":15},"zerolinecolor":"white","automargin":true,"zerolinewidth":2},"scene":{"xaxis":{"backgroundcolor":"#E5ECF6","gridcolor":"white","linecolor":"white","showbackground":true,"ticks":"","zerolinecolor":"white","gridwidth":2},"yaxis":{"backgroundcolor":"#E5ECF6","gridcolor":"white","linecolor":"white","showbackground":true,"ticks":"","zerolinecolor":"white","gridwidth":2},"zaxis":{"backgroundcolor":"#E5ECF6","gridcolor":"white","linecolor":"white","showbackground":true,"ticks":"","zerolinecolor":"white","gridwidth":2}},"shapedefaults":{"line":{"color":"#2a3f5f"}},"annotationdefaults":{"arrowcolor":"#2a3f5f","arrowhead":0,"arrowwidth":1},"geo":{"bgcolor":"white","landcolor":"#E5ECF6","subunitcolor":"white","showland":true,"showlakes":true,"lakecolor":"white"},"title":{"x":0.05},"mapbox":{"style":"light"}}},"xaxis":{"anchor":"y","domain":[0.0,0.1388888888888889]},"yaxis":{"anchor":"x","domain":[0.0,1.0]},"xaxis2":{"anchor":"y2","domain":[0.17222222222222222,0.3111111111111111]},"yaxis2":{"anchor":"x2","domain":[0.0,1.0]},"xaxis3":{"anchor":"y3","domain":[0.34444444444444444,0.48333333333333334]},"yaxis3":{"anchor":"x3","domain":[0.0,1.0]},"xaxis4":{"anchor":"y4","domain":[0.5166666666666667,0.6555555555555557]},"yaxis4":{"anchor":"x4","domain":[0.0,1.0]},"xaxis5":{"anchor":"y5","domain":[0.6888888888888889,0.8277777777777777]},"yaxis5":{"anchor":"x5","domain":[0.0,1.0]},"xaxis6":{"anchor":"y6","domain":[0.861111111111111,1.0]},"yaxis6":{"anchor":"x6","domain":[0.0,1.0]},"annotations":[{"font":{"size":16},"showarrow":false,"text":"3","x":0.06944444444444445,"xanchor":"center","xref":"paper","y":1.0,"yanchor":"bottom","yref":"paper"},{"font":{"size":16},"showarrow":false,"text":"4","x":0.24166666666666667,"xanchor":"center","xref":"paper","y":1.0,"yanchor":"bottom","yref":"paper"},{"font":{"size":16},"showarrow":false,"text":"5","x":0.41388888888888886,"xanchor":"center","xref":"paper","y":1.0,"yanchor":"bottom","yref":"paper"},{"font":{"size":16},"showarrow":false,"text":"6","x":0.5861111111111112,"xanchor":"center","xref":"paper","y":1.0,"yanchor":"bottom","yref":"paper"},{"font":{"size":16},"showarrow":false,"text":"7","x":0.7583333333333333,"xanchor":"center","xref":"paper","y":1.0,"yanchor":"bottom","yref":"paper"},{"font":{"size":16},"showarrow":false,"text":"8","x":0.9305555555555556,"xanchor":"center","xref":"paper","y":1.0,"yanchor":"bottom","yref":"paper"}],"title":{"text":"Correlation Heatmap pearson"}},                        {"responsive": true}                    )                };                            </script>        </div>
</body>
</html>