<html>
<head><meta charset="utf-8" /></head>
<body>
    <div>                        <script type="text/javascript">window.PlotlyConfig = {MathJaxConfig: 'local'};</script>
        <script charset="utf-8" src="https://cdn.plot.ly/plotly-2.25.2.min.js"></script>                <div id="33da061d-1d1c-4300-8c5d-adcb322db913" class="plotly-graph-div" style="height:100%; width:100%;"></div>            <script type="text/javascript">                                    window.PLOTLYENV=window.PLOTLYENV || {};                                    if (document.getElementById("33da061d-1d1c-4300-8c5d-adcb322db913")) {                    Plotly.newPlot(                        "33da061d-1d1c-4300-8c5d-adcb322db913",                        [{"name":"3","x":["fixed acidity","volatile acidity","citric acid","residual sugar","chlorides","free sulfur dioxide","total sulfur dioxide","density","pH","sulphates","alcohol","Id"],"y":["fixed acidity","volatile acidity","citric acid","residual sugar","chlorides","free sulfur dioxide","total sulfur dioxide","density","pH","sulphates","alcohol","Id"],"z":[[1.0,-0.2,0.5520524474738833,0.29814239699997197,0.2,0.13801311186847082,0.3333333333333333,0.4666666666666666,-0.6,0.0,-0.3333333333333333,-0.9999999999999999],[-0.2,1.0,-0.6900655593423543,-0.14907119849998599,0.06666666666666665,-0.13801311186847082,-0.3333333333333333,-0.7333333333333333,0.3333333333333333,-0.5520524474738833,0.6,0.2],[0.5520524474738833,-0.6900655593423543,1.0,0.3857583749052298,-0.13801311186847084,0.2142857142857143,0.6900655593423541,0.9660917830792959,-0.6900655593423541,0.35714285714285715,-0.6900655593423541,-0.5520524474738834],[0.29814239699997197,-0.14907119849998599,0.3857583749052298,1.0,0.0,-0.3086066999241839,0.14907119849998599,0.4472135954999579,-0.29814239699997197,-0.3857583749052298,0.0,-0.29814239699997197],[0.2,0.06666666666666665,-0.13801311186847084,0.0,1.0,-0.6900655593423543,-0.4666666666666666,-0.06666666666666665,-0.06666666666666665,0.0,0.2,-0.2],[0.13801311186847082,-0.13801311186847082,0.2142857142857143,-0.3086066999241839,-0.6900655593423543,1.0,0.5520524474738834,0.13801311186847084,0.0,0.07142857142857144,-0.2760262237369417,-0.13801311186847084],[0.3333333333333333,-0.3333333333333333,0.6900655593423541,0.14907119849998599,-0.4666666666666666,0.5520524474738834,1.0,0.6,-0.4666666666666666,0.13801311186847082,-0.4666666666666666,-0.3333333333333333],[0.4666666666666666,-0.7333333333333333,0.9660917830792959,0.4472135954999579,-0.06666666666666665,0.13801311186847084,0.6,1.0,-0.6,0.27602622373694163,-0.6,-0.4666666666666666],[-0.6,0.3333333333333333,-0.6900655593423541,-0.29814239699997197,-0.06666666666666665,0.0,-0.4666666666666666,-0.6,1.0,-0.41403933560541256,0.7333333333333333,0.6],[0.0,-0.5520524474738833,0.35714285714285715,-0.3857583749052298,0.0,0.07142857142857144,0.13801311186847082,0.27602622373694163,-0.41403933560541256,1.0,-0.6900655593423541,0.0],[-0.3333333333333333,0.6,-0.6900655593423541,0.0,0.2,-0.2760262237369417,-0.4666666666666666,-0.6,0.7333333333333333,-0.6900655593423541,1.0,0.3333333333333333],[-0.9999999999999999,0.2,-0.5520524474738834,-0.29814239699997197,-0.2,-0.13801311186847084,-0.3333333333333333,-0.4666666666666666,0.6,0.0,0.3333333333333333,1.0]],"type":"heatmap","xaxis":"x","yaxis":"y"},{"name":"4","x":["fixed acidity","volatile acidity","citric acid","residual sugar","chlorides","free sulfur dioxide","total sulfur dioxide","density","pH","sulphates","alcohol","Id"],"y":["fixed acidity","volatile acidity","citric acid","residual sugar","chlorides","free sulfur dioxide","total sulfur dioxide","density","pH","sulphates","alcohol","Id"],"z":[[1.0,-0.17624812144234395,0.3434422577398432,0.13269359958130306,0.31094279010124215,-0.005854129393292782,0.09615402395361106,0.6270445972763667,-0.6205597334682426,0.07507221956415715,-0.25098463785293856,-0.20058047658737604],[-0.17624812144234395,1.0,-0.4171416453292836,-0.12611259044838807,-0.11832082614819554,-0.05044503617935523,-0.011472359218957855,-0.10867497788306381,0.21203525437266355,-0.22009821317589895,0.07350976827857456,0.017094086468945693],[0.3434422577398432,-0.4171416453292836,1.0,0.19367588932806323,0.18467049038236297,0.14624505928853757,0.24540105476493632,0.24081347418402566,-0.3482912155897644,0.14816194208498978,-0.051231750873238786,-0.20120608908843146],[0.13269359958130306,-0.12611259044838807,0.19367588932806323,1.0,0.10108279473560919,0.05138339920948616,0.04479543063169473,0.20974076783769974,-0.025294892752329254,0.042888983235128623,0.2522178504528679,0.15477391468340881],[0.31094279010124215,-0.11832082614819554,0.18467049038236297,0.10108279473560919,1.0,0.16911929119226923,0.21072835602925194,0.39541565313537075,-0.15119624147628308,0.3010558953993903,-0.17055833059676195,-0.013320797745895552],[-0.005854129393292782,-0.05044503617935523,0.14624505928853757,0.05138339920948616,0.16911929119226923,1.0,0.6232407740061875,0.12040673709201283,0.07783043923793617,0.18325292836827684,-0.1359611850097491,-0.1509045668163236],[0.09615402395361106,-0.011472359218957855,0.24540105476493632,0.04479543063169473,0.21072835602925194,0.6232407740061875,1.0,0.17416339711719223,-0.051773753422471924,0.2247839653846553,-0.17476914299681615,-0.2955261222686999],[0.6270445972763667,-0.10867497788306381,0.24081347418402566,0.20974076783769974,0.39541565313537075,0.12040673709201283,0.17416339711719223,1.0,-0.3747616793137507,0.22988674481869392,-0.2981921361609614,-0.11406926563690327],[-0.6205597334682426,0.21203525437266355,-0.3482912155897644,-0.025294892752329254,-0.15119624147628308,0.07783043923793617,-0.051773753422471924,-0.3747616793137507,1.0,-0.0998082452693904,0.43262411150604324,0.255242262492726],[0.07507221956415715,-0.22009821317589895,0.14816194208498978,0.042888983235128623,0.3010558953993903,0.18325292836827684,0.2247839653846553,0.22988674481869392,-0.0998082452693904,1.0,-0.036931167568571885,0.03816905103452871],[-0.25098463785293856,0.07350976827857456,-0.051231750873238786,0.2522178504528679,-0.17055833059676195,-0.1359611850097491,-0.17476914299681615,-0.2981921361609614,0.43262411150604324,-0.036931167568571885,1.0,0.3105632218958138],[-0.20058047658737604,0.017094086468945693,-0.20120608908843146,0.15477391468340881,-0.013320797745895552,-0.1509045668163236,-0.2955261222686999,-0.11406926563690327,0.255242262492726,0.03816905103452871,0.3105632218958138,1.0]],"type":"heatmap","xaxis":"x2","yaxis":"y2"},{"name":"5","x":["fixed acidity","volatile acidity","citric acid","residual sugar","chlorides","free sulfur dioxide","total sulfur dioxide","density","pH","sulphates","alcohol","Id"],"y":["fixed acidity","volatile acidity","citric acid","residual sugar","chlorides","free sulfur dioxide","total sulfur dioxide","density","pH","sulphates","alcohol","Id"],"z":[[1.0,-0.11874601940805918,0.4252378476357244,0.21193772138836012,0.19421451458084368,-0.03447346382653833,0.026645178761274046,0.47654813199859136,-0.48382682656061654,0.06355323180838365,-0.09368958883981289,-0.11135586263297398],[-0.11874601940805918,1.0,-0.3618243108366096,-0.0014325600470389038,0.055554957023273996,-0.03768039413382945,-0.0050032153726531315,-0.09038357030545226,0.10782313637797045,-0.13405632267907847,0.024893248717064196,0.014795439808619889],[0.4252378476357244,-0.3618243108366096,1.0,0.16198855669488746,0.13176803693691366,0.05890901418821729,0.1594317101055256,0.31357179228781473,-0.32624146885066874,0.19974978942011526,-0.07136261846518621,-0.06707225397946714],[0.21193772138836012,-0.0014325600470389038,0.16198855669488746,1.0,0.09744676894662742,0.12462242412769975,0.15908011549613985,0.4118740865939268,-0.06580551995923128,0.03999717450002273,0.06795706111444222,-0.04784715500814418],[0.19421451458084368,0.055554957023273996,0.13176803693691366,0.09744676894662742,1.0,0.06800341603344053,0.13559745722124641,0.22667062314674888,-0.2042483095226921,0.08752052050091771,-0.159099781794878,-0.06446358128079122],[-0.03447346382653833,-0.03768039413382945,0.05890901418821729,0.12462242412769975,0.06800341603344053,1.0,0.6054672780646186,0.0404936852961548,-0.015263267152207235,0.04387965955231855,-0.11142855688096892,0.055614314656678834],[0.026645178761274046,-0.0050032153726531315,0.1594317101055256,0.15908011549613985,0.13559745722124641,0.6054672780646186,1.0,0.09843389478915336,-0.08105165321491274,0.06748588862474192,-0.16370606580833774,-0.07833113240734053],[0.47654813199859136,-0.09038357030545226,0.31357179228781473,0.4118740865939268,0.22667062314674888,0.0404936852961548,0.09843389478915336,1.0,-0.1530267541274516,0.16453970626264658,-0.20504215811540744,-0.17157833298445815],[-0.48382682656061654,0.10782313637797045,-0.32624146885066874,-0.06580551995923128,-0.2042483095226921,-0.015263267152207235,-0.08105165321491274,-0.1530267541274516,1.0,-0.0026609133744750096,0.1909651157663488,0.0335274706024469],[0.06355323180838365,-0.13405632267907847,0.19974978942011526,0.03999717450002273,0.08752052050091771,0.04387965955231855,0.06748588862474192,0.16453970626264658,-0.0026609133744750096,1.0,0.01863052467669349,-0.08487194420079747],[-0.09368958883981289,0.024893248717064196,-0.07136261846518621,0.06795706111444222,-0.159099781794878,-0.11142855688096892,-0.16370606580833774,-0.20504215811540744,0.1909651157663488,0.01863052467669349,1.0,0.1631819045049789],[-0.11135586263297398,0.014795439808619889,-0.06707225397946714,-0.04784715500814418,-0.06446358128079122,0.055614314656678834,-0.07833113240734053,-0.17157833298445815,0.0335274706024469,-0.08487194420079747,0.1631819045049789,1.0]],"type":"heatmap","xaxis":"x3","yaxis":"y3"},{"name":"6","x":["fixed acidity","volatile acidity","citric acid","residual sugar","chlorides","free sulfur dioxide","total sulfur dioxide","density","pH","sulphates","alcohol","Id"],"y":["fixed acidity","volatile acidity","citric acid","residual sugar","chlorides","free sulfur dioxide","total sulfur dioxide","density","pH","sulphates","alcohol","Id"],"z":[[1.0,-0.19944692218309645,0.48308622694056524,0.1124239130077192,0.20341792325073116,-0.18684409444006037,-0.08258375897675939,0.4967771647758518,-0.5551203577230782,0.15295056180131633,-0.11501126731676124,-0.27568636400353347],[-0.19944692218309645,1.0,-0.44310175041115796,0.0494314340092899,0.06626139271175982,0.00974862168604634,0.0288720597335888,-0.03607577589954872,0.17418857259527967,-0.1916296078958127,-0.05212477132079976,0.05934793113831398],[0.48308622694056524,-0.44310175041115796,1.0,0.09681032483509215,0.11092459807597456,-0.1140237578700031,-0.03359309005755142,0.2735030929417045,-0.39504472927306566,0.20061572390110727,0.02226469379691836,-0.11624169821987884],[0.1124239130077192,0.0494314340092899,0.09681032483509215,1.0,0.17369272490766355,-0.010797806145147132,0.08049240328926456,0.2386768475248534,-0.05947354233233965,0.01874374390365726,0.0694566893200586,-0.09064743302606562],[0.20341792325073116,0.06626139271175982,0.11092459807597456,0.17369272490766355,1.0,-0.07340683123151906,0.023550000448968284,0.29131409910474043,-0.16572714816282055,0.005061075663337747,-0.1827765705122297,-0.1678344075421888],[-0.18684409444006037,0.00974862168604634,-0.1140237578700031,-0.010797806145147132,-0.07340683123151906,1.0,0.6037339550881052,-0.13708557312693406,0.17216282295869062,0.041536805884660126,0.056780632653578626,0.06611869791030804],[-0.08258375897675939,0.0288720597335888,-0.03359309005755142,0.08049240328926456,0.023550000448968284,0.6037339550881052,1.0,0.02519293617817171,0.06950838376407785,0.019786771532280006,-0.08159818099022068,-0.034517935393586135],[0.4967771647758518,-0.03607577589954872,0.2735030929417045,0.2386768475248534,0.29131409910474043,-0.13708557312693406,0.02519293617817171,1.0,-0.25552620578217944,0.18159335341912172,-0.3952242885700689,-0.31750782154552426],[-0.5551203577230782,0.17418857259527967,-0.39504472927306566,-0.05947354233233965,-0.16572714816282055,0.17216282295869062,0.06950838376407785,-0.25552620578217944,1.0,-0.051366631499458484,0.1308318825816625,0.14419481182790006],[0.15295056180131633,-0.1916296078958127,0.20061572390110727,0.01874374390365726,0.005061075663337747,0.041536805884660126,0.019786771532280006,0.18159335341912172,-0.051366631499458484,1.0,-0.008581622998561009,-0.04329097126401363],[-0.11501126731676124,-0.05212477132079976,0.02226469379691836,0.0694566893200586,-0.1827765705122297,0.056780632653578626,-0.08159818099022068,-0.3952242885700689,0.1308318825816625,-0.008581622998561009,1.0,0.2139737327233348],[-0.27568636400353347,0.05934793113831398,-0.11624169821987884,-0.09064743302606562,-0.1678344075421888,0.06611869791030804,-0.034517935393586135,-0.31750782154552426,0.14419481182790006,-0.04329097126401363,0.2139737327233348,1.0]],"type":"heatmap","xaxis":"x4","yaxis":"y4"},{"name":"7","x":["fixed acidity","volatile acidity","citric acid","residual sugar","chlorides","free sulfur dioxide","total sulfur dioxide","density","pH","sulphates","alcohol","Id"],"y":["fixed acidity","volatile acidity","citric acid","residual sugar","chlorides","free sulfur dioxide","total sulfur dioxide","density","pH","sulphates","alcohol","Id"],"z":[[1.0,-0.14463751898708804,0.5824413294454466,0.17483527945141755,0.3121515363972433,-0.2348108062987588,-0.13071706865943908,0.5522449226521972,-0.6108458569307031,0.11031717042596778,-0.1987093985210671,-0.33580477601663583],[-0.14463751898708804,1.0,-0.20968360597716756,0.12650004054142047,0.08740868048592962,0.10892491374568194,0.14379519747978722,0.07609198994699207,0.1787381905099804,-0.1270645620705957,-0.016159494578380108,-0.036343413744760106],[0.5824413294454466,-0.20968360597716756,1.0,0.24243557432412075,0.2788828836786566,-0.1564987306745794,-0.09227215420652848,0.35637212911415345,-0.5338224974196348,0.10709084928807391,-0.03180000797257998,-0.18207166186512813],[0.17483527945141755,0.12650004054142047,0.24243557432412075,1.0,0.24498445142551042,-0.08139055085619971,0.016005196456695115,0.2547140228428999,-0.14246176429726462,-0.07800675330547116,0.11737717097315664,-0.14837444559604615],[0.3121515363972433,0.08740868048592962,0.2788828836786566,0.24498445142551042,1.0,-0.11480783598170993,-0.10681969173903669,0.4080875880470835,-0.19431329689928847,0.028371697617215877,-0.1817136337501815,-0.19552408376220068],[-0.2348108062987588,0.10892491374568194,-0.1564987306745794,-0.08139055085619971,-0.11480783598170993,1.0,0.6689560455339704,-0.14888641097126648,0.16018038258727466,0.037422847664193355,0.02400896678996386,0.1334563627507915],[-0.13071706865943908,0.14379519747978722,-0.09227215420652848,0.016005196456695115,-0.10681969173903669,0.6689560455339704,1.0,-0.022774640663774614,0.12569193572079768,0.1063133000936183,0.03275099570460671,0.004781420165674019],[0.5522449226521972,0.07609198994699207,0.35637212911415345,0.2547140228428999,0.4080875880470835,-0.14888641097126648,-0.022774640663774614,1.0,-0.3026274677500956,0.1340845111241288,-0.4267668109665264,-0.3655322619251517],[-0.6108458569307031,0.1787381905099804,-0.5338224974196348,-0.14246176429726462,-0.19431329689928847,0.16018038258727466,0.12569193572079768,-0.3026274677500956,1.0,0.03643870695426278,0.15192613583678788,0.14228887841291943],[0.11031717042596778,-0.1270645620705957,0.10709084928807391,-0.07800675330547116,0.028371697617215877,0.037422847664193355,0.1063133000936183,0.1340845111241288,0.03643870695426278,1.0,-0.016227491077272907,-0.06845131870157353],[-0.1987093985210671,-0.016159494578380108,-0.03180000797257998,0.11737717097315664,-0.1817136337501815,0.02400896678996386,0.03275099570460671,-0.4267668109665264,0.15192613583678788,-0.016227491077272907,1.0,0.17574939722143018],[-0.33580477601663583,-0.036343413744760106,-0.18207166186512813,-0.14837444559604615,-0.19552408376220068,0.1334563627507915,0.004781420165674019,-0.3655322619251517,0.14228887841291943,-0.06845131870157353,0.17574939722143018,1.0]],"type":"heatmap","xaxis":"x5","yaxis":"y5"},{"name":"8","x":["fixed acidity","volatile acidity","citric acid","residual sugar","chlorides","free sulfur dioxide","total sulfur dioxide","density","pH","sulphates","alcohol","Id"],"y":["fixed acidity","volatile acidity","citric acid","residual sugar","chlorides","free sulfur dioxide","total sulfur dioxide","density","pH","sulphates","alcohol","Id"],"z":[[1.0,-0.29184818148727604,0.7712141348743975,0.4224294900913619,0.41526914954775246,-0.3878496492551597,-0.19049225560424804,0.5847667616080596,-0.5913937903236225,-0.28699992765705207,-0.2042571684752661,-0.3291402943021916],[-0.29184818148727604,1.0,-0.3915212660477124,-0.173161795717912,-0.2723626198592782,0.13279016846184583,0.09565579045742019,-0.306407947341688,0.436718699461755,-0.10481248787082119,0.4359133582189907,0.03390317518104052],[0.7712141348743975,-0.3915212660477124,1.0,0.4017681054071738,0.5126050420168068,-0.2622113167602184,-0.06868534446519091,0.5126050420168068,-0.646768054627738,-0.21558935154257935,-0.20253344847113114,-0.35983578576496095],[0.4224294900913619,-0.173161795717912,0.4017681054071738,1.0,0.43596113565459277,-0.21338602774770582,-0.12227190816814207,0.4701541659020119,-0.2017621485853328,0.017544534659594158,0.12018163605478466,-0.4852162225324867],[0.41526914954775246,-0.2723626198592782,0.5126050420168068,0.43596113565459277,1.0,0.10488452670408736,0.08585668058148864,0.2605042016806723,-0.31907224028301745,-0.07761216655532856,0.18565566109853687,-0.20920685218893076],[-0.3878496492551597,0.13279016846184583,-0.2622113167602184,-0.21338602774770582,0.10488452670408736,1.0,0.6340296684025701,-0.4370188612670306,0.23320496028086052,-0.06278595084484707,0.33353871433454074,0.12185435916898849],[-0.19049225560424804,0.09565579045742019,-0.06868534446519091,-0.12227190816814207,0.08585668058148864,0.6340296684025701,1.0,-0.22322736951187047,0.09691723997855761,0.08810658179868873,0.2500371664314846,-0.17099639201419234],[0.5847667616080596,-0.306407947341688,0.5126050420168068,0.4701541659020119,0.2605042016806723,-0.4370188612670306,-0.22322736951187047,1.0,-0.2845779440362048,0.025870722185109524,-0.2869223853341024,-0.3765723339400754],[-0.5913937903236225,0.436718699461755,-0.646768054627738,-0.2017621485853328,-0.31907224028301745,0.23320496028086052,0.09691723997855761,-0.2845779440362048,1.0,0.2566371681415929,0.39836172682215615,0.06011297132511354],[-0.28699992765705207,-0.10481248787082119,-0.21558935154257935,0.017544534659594158,-0.07761216655532856,-0.06278595084484707,0.08810658179868873,0.025870722185109524,0.2566371681415929,1.0,-0.01732007507922418,-0.1975140486396588],[-0.2042571684752661,0.4359133582189907,-0.20253344847113114,0.12018163605478466,0.18565566109853687,0.33353871433454074,0.2500371664314846,-0.2869223853341024,0.39836172682215615,-0.01732007507922418,1.0,-0.2016877936358443],[-0.3291402943021916,0.03390317518104052,-0.35983578576496095,-0.4852162225324867,-0.20920685218893076,0.12185435916898849,-0.17099639201419234,-0.3765723339400754,0.06011297132511354,-0.1975140486396588,-0.2016877936358443,1.0]],"type":"heatmap","xaxis":"x6","yaxis":"y6"}],                        {"template":{"data":{"histogram2dcontour":[{"type":"histogram2dcontour","colorbar":{"outlinewidth":0,"ticks":""},"colorscale":[[0.0,"#0d0887"],[0.1111111111111111,"#46039f"],[0.2222222222222222,"#7201a8"],[0.3333333333333333,"#9c179e"],[0.4444444444444444,"#bd3786"],[0.5555555555555556,"#d8576b"],[0.6666666666666666,"#ed7953"],[0.7777777777777778,"#fb9f3a"],[0.8888888888888888,"#fdca26"],[1.0,"#f0f921"]]}],"choropleth":[{"type":"choropleth","colorbar":{"outlinewidth":0,"ticks":""}}],"histogram2d":[{"type":"histogram2d","colorbar":{"outlinewidth":0,"ticks":""},"colorscale":[[0.0,"#0d0887"],[0.1111111111111111,"#46039f"],[0.2222222222222222,"#7201a8"],[0.3333333333333333,"#9c179e"],[0.4444444444444444,"#bd3786"],[0.5555555555555556,"#d8576b"],[0.6666666666666666,"#ed7953"],[0.7777777777777778,"#fb9f3a"],[0.8888888888888888,"#fdca26"],[1.0,"#f0f921"]]}],"heatmap":[{"type":"heatmap","colorbar":{"outlinewidth":0,"ticks":""},"colorscale":[[0.0,"#0d0887"],[0.1111111111111111,"#46039f"],[0.2222222222222222,"#7201a8"],[0.3333333333333333,"#9c179e"],[0.4444444444444444,"#bd3786"],[0.5555555555555556,"#d8576b"],[0.6666666666666666,"#ed7953"],[0.7777777777777778,"#fb9f3a"],[0.8888888888888888,"#fdca26"],[1.0,"#f0f921"]]}],"heatmapgl":[{"type":"heatmapgl","colorbar":{"outlinewidth":0,"ticks":""},"colorscale":[[0.0,"#0d0887"],[0.1111111111111111,"#46039f"],[0.2222222222222222,"#7201a8"],[0.3333333333333333,"#9c179e"],[0.4444444444444444,"#bd3786"],[0.5555555555555556,"#d8576b"],[0.6666666666666666,"#ed7953"],[0.7777777777777778,"#fb9f3a"],[0.8888888888888888,"#fdca26"],[1.0,"#f0f921"]]}],"contourcarpet":[{"type":"contourcarpet","colorbar":{"outlinewidth":0,"ticks":""}}],"contour":[{"type":"contour","colorbar":{"outlinewidth":0,"ticks":""},"colorscale":[[0.0,"#0d0887"],[0.1111111111111111,"#46039f"],[0.2222222222222222,"#7201a8"],[0.3333333333333333,"#9c179e"],[0.4444444444444444,"#bd3786"],[0.5555555555555556,"#d8576b"],[0.6666666666666666,"#ed7953"],[0.7777777777777778,"#fb9f3a"],[0.8888888888888888,"#fdca26"],[1.0,"#f0f921"]]}],"surface":[{"type":"surface","colorbar":{"outlinewidth":0,"ticks":""},"colorscale":[[0.0,"#0d0887"],[0.1111111111111111,"#46039f"],[0.2222222222222222,"#7201a8"],[0.3333333333333333,"#9c179e"],[0.4444444444444444,"#bd3786"],[0.5555555555555556,"#d8576b"],[0.6666666666666666,"#ed7953"],[0.7777777777777778,"#fb9f3a"],[0.8888888888888888,"#fdca26"],[1.0,"#f0f921"]]}],"mesh3d":[{"type":"mesh3d","colorbar":{"outlinewidth":0,"ticks":""}}],"scatter":[{"fillpattern":{"fillmode":"overlay","size":10,"solidity":0.2},"type":"scatter"}],"parcoords":[{"type":"parcoords","line":{"colorbar":{"outlinewidth":0,"ticks":""}}}],"scatterpolargl":[{"type":"scatterpolargl","marker":{"colorbar":{"outlinewidth":0,"ticks":""}}}],"bar":[{"error_x":{"color":"#2a3f5f"},"error_y":{"color":"#2a3f5f"},"marker":{"line":{"color":"#E5ECF6","width":0.5},"pattern":{"fillmode":"overlay","size":10,"solidity":0.2}},"type":"bar"}],"scattergeo":[{"type":"scattergeo","marker":{"colorbar":{"outlinewidth":0,"ticks":""}}}],"scatterpolar":[{"type":"scatterpolar","marker":{"colorbar":{"outlinewidth":0,"ticks":""}}}],"histogram":[{"marker":{"pattern":{"fillmode":"overlay","size":10,"solidity":0.2}},"type":"histogram"}],"scattergl":[{"type":"scattergl","marker":{"colorbar":{"outlinewidth":0,"ticks":""}}}],"scatter3d":[{"type":"scatter3d","line":{"colorbar":{"outlinewidth":0,"ticks":""}},"marker":{"colorbar":{"outlinewidth":0,"ticks":""}}}],"scattermapbox":[{"type":"scattermapbox","marker":{"colorbar":{"outlinewidth":0,"ticks":""}}}],"scatterternary":[{"type":"scatterternary","marker":{"colorbar":{"outlinewidth":0,"ticks":""}}}],"scattercarpet":[{"type":"scattercarpet","marker":{"colorbar":{"outlinewidth":0,"ticks":""}}}],"carpet":[{"aaxis":{"endlinecolor":"#2a3f5f","gridcolor":"white","linecolor":"white","minorgridcolor":"white","startlinecolor":"#2a3f5f"},"baxis":{"endlinecolor":"#2a3f5f","gridcolor":"white","linecolor":"white","minorgridcolor":"white","startlinecolor":"#2a3f5f"},"type":"carpet"}],"table":[{"cells":{"fill":{"color":"#EBF0F8"},"line":{"color":"white"}},"header":{"fill":{"color":"#C8D4E3"},"line":{"color":"white"}},"type":"table"}],"barpolar":[{"marker":{"line":{"color":"#E5ECF6","width":0.5},"pattern":{"fillmode":"overlay","size":10,"solidity":0.2}},"type":"barpolar"}],"pie":[{"automargin":true,"type":"pie"}]},"layout":{"autotypenumbers":"strict","colorway":["#636efa","#EF553B","#00cc96","#ab63fa","#FFA15A","#19d3f3","#FF6692","#B6E880","#FF97FF","#FECB52"],"font":{"color":"#2a3f5f"},"hovermode":"closest","hoverlabel":{"align":"left"},"paper_bgcolor":"white","plot_bgcolor":"#E5ECF6","polar":{"bgcolor":"#E5ECF6","angularaxis":{"gridcolor":"white","linecolor":"white","ticks":""},"radialaxis":{"gridcolor":"white","linecolor":"white","ticks":""}},"ternary":{"bgcolor":"#E5ECF6","aaxis":{"gridcolor":"white","linecolor":"white","ticks":""},"baxis":{"gridcolor":"white","linecolor":"white","ticks":""},"caxis":{"gridcolor":"white","linecolor":"white","ticks":""}},"coloraxis":{"colorbar":{"outlinewidth":0,"ticks":""}},"colorscale":{"sequential":[[0.0,"#0d0887"],[0.1111111111111111,"#46039f"],[0.2222222222222222,"#7201a8"],[0.3333333333333333,"#9c179e"],[0.4444444444444444,"#bd3786"],[0.5555555555555556,"#d8576b"],[0.6666666666666666,"#ed7953"],[0.7777777777777778,"#fb9f3a"],[0.8888888888888888,"#fdca26"],[1.0,"#f0f921"]],"sequentialminus":[[0.0,"#0d0887"],[0.1111111111111111,"#46039f"],[0.2222222222222222,"#7201a8"],[0.3333333333333333,"#9c179e"],[0.4444444444444444,"#bd3786"],[0.5555555555555556,"#d8576b"],[0.6666666666666666,"#ed7953"],[0.7777777777777778,"#fb9f3a"],[0.8888888888888888,"#fdca26"],[1.0,"#f0f921"]],"diverging":[[0,"#8e0152"],[0.1,"#c51b7d"],[0.2,"#de77ae"],[0.3,"#f1b6da"],[0.4,"#fde0ef"],[0.5,"#f7f7f7"],[0.6,"#e6f5d0"],[0.7,"#b8e186"],[0.8,"#7fbc41"],[0.9,"#4d9221"],[1,"#276419"]]},"xaxis":{"gridcolor":"white","linecolor":"white","ticks":"","title":{"standoff":15},"zerolinecolor":"white","automargin":true,"zerolinewidth":2},"yaxis":{"gridcolor":"white","linecolor":"white","ticks":"","title":{"standoff":15},"zerolinecolor":"white","automargin":true,"zerolinewidth":2},"scene":{"xaxis":{"backgroundcolor":"#E5ECF6","gridcolor":"white","linecolor":"white","showbackground":true,"ticks":"","zerolinecolor":"white","gridwidth":2},"yaxis":{"backgroundcolor":"#E5ECF6","gridcolor":"white","linecolor":"white","showbackground":true,"ticks":"","zerolinecolor":"white","gridwidth":2},"zaxis":{"backgroundcolor":"#E5ECF6","gridcolor":"white","linecolor":"white","showbackground":true,"ticks":"","zerolinecolor":"white","gridwidth":2}},"shapedefaults":{"line":{"color":"#2a3f5f"}},"annotationdefaults":{"arrowcolor":"#2a3f5f","arrowhead":0,"arrowwidth":1},"geo":{"bgcolor":"white","landcolor":"#E5ECF6","subunitcolor":"white","showland":true,"showlakes":true,"lakecolor":"white"},"title":{"x":0.05},"mapbox":{"style":"light"}}},"xaxis":{"anchor":"y","domain":[0.0,0.1388888888888889]},"yaxis":{"anchor":"x","domain":[0.0,1.0]},"xaxis2":{"anchor":"y2","domain":[0.17222222222222222,0.3111111111111111]},"yaxis2":{"anchor":"x2","domain":[0.0,1.0]},"xaxis3":{"anchor":"y3","domain":[0.34444444444444444,0.48333333333333334]},"yaxis3":{"anchor":"x3","domain":[0.0,1.0]},"xaxis4":{"anchor":"y4","domain":[0.5166666666666667,0.6555555555555557]},"yaxis4":{"anchor":"x4","domain":[0.0,1.0]},"xaxis5":{"anchor":"y5","domain":[0.6888888888888889,0.8277777777777777]},"yaxis5":{"anchor":"x5","domain":[0.0,1.0]},"xaxis6":{"anchor":"y6","domain":[0.861111111111111,1.0]},"yaxis6":{"anchor":"x6","domain":[0.0,1.0]},"annotations":[{"font":{"size":16},"showarrow":false,"text":"3","x":0.06944444444444445,"xanchor":"center","xref":"paper","y":1.0,"yanchor":"bottom","yref":"paper"},{"font":{"size":16},"showarrow":false,"text":"4","x":0.24166666666666667,"xanchor":"center","xref":"paper","y":1.0,"yanchor":"bottom","yref":"paper"},{"font":{"size":16},"showarrow":false,"text":"5","x":0.41388888888888886,"xanchor":"center","xref":"paper","y":1.0,"yanchor":"bottom","yref":"paper"},{"font":{"size":16},"showarrow":false,"text":"6","x":0.5861111111111112,"xanchor":"center","xref":"paper","y":1.0,"yanchor":"bottom","yref":"paper"},{"font":{"size":16},"showarrow":false,"text":"7","x":0.7583333333333333,"xanchor":"center","xref":"paper","y":1.0,"yanchor":"bottom","yref":"paper"},{"font":{"size":16},"showarrow":false,"text":"8","x":0.9305555555555556,"xanchor":"center","xref":"paper","y":1.0,"yanchor":"bottom","yref":"paper"}],"title":{"text":"Correlation Heatmap kendall"}},                        {"responsive": true}                    )                };                            </script>        </div>
</body>
</html>